Vazões da simulação: 
[0][0]->[1][0]: 0.396696
[0][0]->[0][1]: 0.396696

[0][1]->[1][1]: 0.0350394
[0][1]->[0][2]: 0.396696
[0][1]->[0][0]: 0.0150169

[0][2]->[1][2]: 0.00550619
[0][2]->[0][3]: 0.413215
[0][2]->[0][1]: 0.0150169

[0][3]->[1][3]: 0.0300338
[0][3]->[0][4]: 0.319109
[0][3]->[0][2]: 0.000500563

[0][4]->[1][4]: 0.00100113
[0][4]->[0][5]: 0.24002
[0][4]->[0][3]: 0.000500563

[0][5]->[1][5]: 0
[0][5]->[0][6]: 0.169941
[0][5]->[0][4]: 0.00100113

[0][6]->[1][6]: 0
[0][6]->[0][7]: 0.0838443
[0][6]->[0][5]: 0.00100113

[0][7]->[1][7]: 0
[0][7]->[0][8]: 0.0663246
[0][7]->[0][6]: 0

[0][8]->[1][8]: 0
[0][8]->[0][9]: 0.0538105
[0][8]->[0][7]: 0

[0][9]->[1][9]: 0
[0][9]->[0][8]: 0.0625704

[1][0]->[0][0]: 0.0125141
[1][0]->[2][0]: 0.348142
[1][0]->[1][1]: 0.0480541

[1][1]->[0][1]: 0.00500563
[1][1]->[2][1]: 0.0350394
[1][1]->[1][2]: 0.0235265
[1][1]->[1][0]: 0.0150169

[1][2]->[0][2]: 0.0941059
[1][2]->[2][2]: 0.00650732
[1][2]->[1][3]: 0.00850957
[1][2]->[1][1]: 0.0150169

[1][3]->[0][3]: 0
[1][3]->[2][3]: 0.0300338
[1][3]->[1][4]: 0.00850957
[1][3]->[1][2]: 0.00100113

[1][4]->[0][4]: 0.0738331
[1][4]->[2][4]: 0.00650732
[1][4]->[1][5]: 0.00850957
[1][4]->[1][3]: 0

[1][5]->[0][5]: 0
[1][5]->[2][5]: 0
[1][5]->[1][6]: 0.00300338
[1][5]->[1][4]: 0.00550619

[1][6]->[0][6]: 0.00625704
[1][6]->[2][6]: 0
[1][6]->[1][7]: 0
[1][6]->[1][5]: 0

[1][7]->[0][7]: 0
[1][7]->[2][7]: 0
[1][7]->[1][8]: 0
[1][7]->[1][6]: 0

[1][8]->[0][8]: 0
[1][8]->[2][8]: 0
[1][8]->[1][9]: 0
[1][8]->[1][7]: 0

[1][9]->[0][9]: 0
[1][9]->[2][9]: 0
[1][9]->[1][8]: 0

[2][0]->[1][0]: 0.0100113
[2][0]->[3][0]: 0.269053
[2][0]->[2][1]: 0.0480541

[2][1]->[1][1]: 0.00500563
[2][1]->[3][1]: 0.0300338
[2][1]->[2][2]: 0.0480541
[2][1]->[2][0]: 0.00750845

[2][2]->[1][2]: 0.0916031
[2][2]->[3][2]: 0.00250282
[2][2]->[2][3]: 0.0330372
[2][2]->[2][1]: 0

[2][3]->[1][3]: 0
[2][3]->[3][3]: 0.0300338
[2][3]->[2][4]: 0.0330372
[2][3]->[2][2]: 0.00100113

[2][4]->[1][4]: 0.0855963
[2][4]->[3][4]: 0.0120135
[2][4]->[2][5]: 0.0330372
[2][4]->[2][3]: 0.00100113

[2][5]->[1][5]: 0
[2][5]->[3][5]: 0
[2][5]->[2][6]: 0.0330372
[2][5]->[2][4]: 0.00550619

[2][6]->[1][6]: 0.00625704
[2][6]->[3][6]: 0
[2][6]->[2][7]: 0
[2][6]->[2][5]: 0.00550619

[2][7]->[1][7]: 0
[2][7]->[3][7]: 0
[2][7]->[2][8]: 0
[2][7]->[2][6]: 0

[2][8]->[1][8]: 0
[2][8]->[3][8]: 0
[2][8]->[2][9]: 0
[2][8]->[2][7]: 0

[2][9]->[1][9]: 0
[2][9]->[3][9]: 0
[2][9]->[2][8]: 0

[3][0]->[2][0]: 0
[3][0]->[4][0]: 0.206482
[3][0]->[3][1]: 0.0150169

[3][1]->[2][1]: 0
[3][1]->[4][1]: 0.0300338
[3][1]->[3][2]: 0.0150169
[3][1]->[3][0]: 0

[3][2]->[2][2]: 0.0916031
[3][2]->[4][2]: 0.00250282
[3][2]->[3][3]: 0.0150169
[3][2]->[3][1]: 0

[3][3]->[2][3]: 0
[3][3]->[4][3]: 0.0300338
[3][3]->[3][4]: 0.0150169
[3][3]->[3][2]: 0

[3][4]->[2][4]: 0.0918533
[3][4]->[4][4]: 0.0120135
[3][4]->[3][5]: 0.0150169
[3][4]->[3][3]: 0

[3][5]->[2][5]: 0
[3][5]->[4][5]: 0
[3][5]->[3][6]: 0.0150169
[3][5]->[3][4]: 0.0120135

[3][6]->[2][6]: 0.00625704
[3][6]->[4][6]: 0
[3][6]->[3][7]: 0
[3][6]->[3][5]: 0.0120135

[3][7]->[2][7]: 0
[3][7]->[4][7]: 0
[3][7]->[3][8]: 0
[3][7]->[3][6]: 0

[3][8]->[2][8]: 0
[3][8]->[4][8]: 0
[3][8]->[3][9]: 0
[3][8]->[3][7]: 0

[3][9]->[2][9]: 0
[3][9]->[4][9]: 0
[3][9]->[3][8]: 0

[4][0]->[3][0]: 0
[4][0]->[5][0]: 0.143912
[4][0]->[4][1]: 0.00300338

[4][1]->[3][1]: 0
[4][1]->[5][1]: 0.0300338
[4][1]->[4][2]: 0.00400451
[4][1]->[4][0]: 0

[4][2]->[3][2]: 0.0916031
[4][2]->[5][2]: 0.00200225
[4][2]->[4][3]: 0.00400451
[4][2]->[4][1]: 0

[4][3]->[3][3]: 0
[4][3]->[5][3]: 0.0300338
[4][3]->[4][4]: 0.00500563
[4][3]->[4][2]: 0.0750845

[4][4]->[3][4]: 0.105619
[4][4]->[5][4]: 0.0110124
[4][4]->[4][5]: 0.00400451
[4][4]->[4][3]: 0.0750845

[4][5]->[3][5]: 0
[4][5]->[5][5]: 0
[4][5]->[4][6]: 0.00400451
[4][5]->[4][4]: 0.00750845

[4][6]->[3][6]: 0.00625704
[4][6]->[5][6]: 0
[4][6]->[4][7]: 0
[4][6]->[4][5]: 0.00750845

[4][7]->[3][7]: 0
[4][7]->[5][7]: 0
[4][7]->[4][8]: 0
[4][7]->[4][6]: 0

[4][8]->[3][8]: 0
[4][8]->[5][8]: 0
[4][8]->[4][9]: 0
[4][8]->[4][7]: 0

[4][9]->[3][9]: 0
[4][9]->[5][9]: 0
[4][9]->[4][8]: 0

[5][0]->[4][0]: 0
[5][0]->[6][0]: 0.0813415
[5][0]->[5][1]: 0.00400451

[5][1]->[4][1]: 0
[5][1]->[6][1]: 0
[5][1]->[5][2]: 0.00400451
[5][1]->[5][0]: 0

[5][2]->[4][2]: 0.0165186
[5][2]->[6][2]: 0.00100113
[5][2]->[5][3]: 0.00700788
[5][2]->[5][1]: 0

[5][3]->[4][3]: 0
[5][3]->[6][3]: 0
[5][3]->[5][4]: 0.00600676
[5][3]->[5][2]: 0.0165186

[5][4]->[4][4]: 0.104367
[5][4]->[6][4]: 0.00550619
[5][4]->[5][5]: 0.00600676
[5][4]->[5][3]: 0.0165186

[5][5]->[4][5]: 0
[5][5]->[6][5]: 0
[5][5]->[5][6]: 0.00300338
[5][5]->[5][4]: 0.0380428

[5][6]->[4][6]: 0.00625704
[5][6]->[6][6]: 0
[5][6]->[5][7]: 0
[5][6]->[5][5]: 0.0380428

[5][7]->[4][7]: 0
[5][7]->[6][7]: 0
[5][7]->[5][8]: 0
[5][7]->[5][6]: 0

[5][8]->[4][8]: 0
[5][8]->[6][8]: 0
[5][8]->[5][9]: 0
[5][8]->[5][7]: 0

[5][9]->[4][9]: 0
[5][9]->[6][9]: 0
[5][9]->[5][8]: 0

[6][0]->[5][0]: 0
[6][0]->[7][0]: 0.0187711
[6][0]->[6][1]: 0

[6][1]->[5][1]: 0
[6][1]->[7][1]: 0
[6][1]->[6][2]: 0.00100113
[6][1]->[6][0]: 0

[6][2]->[5][2]: 0
[6][2]->[7][2]: 0
[6][2]->[6][3]: 0.00100113
[6][2]->[6][1]: 0

[6][3]->[5][3]: 0
[6][3]->[7][3]: 0
[6][3]->[6][4]: 0.00650732
[6][3]->[6][2]: 0

[6][4]->[5][4]: 0.0725817
[6][4]->[7][4]: 0.0125141
[6][4]->[6][5]: 0.00550619
[6][4]->[6][3]: 0

[6][5]->[5][5]: 0
[6][5]->[7][5]: 0
[6][5]->[6][6]: 0.00550619
[6][5]->[6][4]: 0.0913528

[6][6]->[5][6]: 0.00625704
[6][6]->[7][6]: 0
[6][6]->[6][7]: 0.0187711
[6][6]->[6][5]: 0.0921036

[6][7]->[5][7]: 0
[6][7]->[7][7]: 0
[6][7]->[6][8]: 0.0125141
[6][7]->[6][6]: 0

[6][8]->[5][8]: 0
[6][8]->[7][8]: 0
[6][8]->[6][9]: 0.00625704
[6][8]->[6][7]: 0

[6][9]->[5][9]: 0
[6][9]->[7][9]: 0
[6][9]->[6][8]: 0

[7][0]->[6][0]: 0
[7][0]->[8][0]: 0.0125141
[7][0]->[7][1]: 0

[7][1]->[6][1]: 0
[7][1]->[8][1]: 0
[7][1]->[7][2]: 0
[7][1]->[7][0]: 0

[7][2]->[6][2]: 0
[7][2]->[8][2]: 0
[7][2]->[7][3]: 0
[7][2]->[7][1]: 0

[7][3]->[6][3]: 0
[7][3]->[8][3]: 0
[7][3]->[7][4]: 0
[7][3]->[7][2]: 0

[7][4]->[6][4]: 0
[7][4]->[8][4]: 0.00625704
[7][4]->[7][5]: 0
[7][4]->[7][3]: 0

[7][5]->[6][5]: 0
[7][5]->[8][5]: 0
[7][5]->[7][6]: 0
[7][5]->[7][4]: 0

[7][6]->[6][6]: 0
[7][6]->[8][6]: 0
[7][6]->[7][7]: 0
[7][6]->[7][5]: 0

[7][7]->[6][7]: 0
[7][7]->[8][7]: 0
[7][7]->[7][8]: 0
[7][7]->[7][6]: 0

[7][8]->[6][8]: 0
[7][8]->[8][8]: 0
[7][8]->[7][9]: 0
[7][8]->[7][7]: 0

[7][9]->[6][9]: 0
[7][9]->[8][9]: 0
[7][9]->[7][8]: 0

[8][0]->[7][0]: 0
[8][0]->[9][0]: 0.00625704
[8][0]->[8][1]: 0

[8][1]->[7][1]: 0
[8][1]->[9][1]: 0
[8][1]->[8][2]: 0
[8][1]->[8][0]: 0

[8][2]->[7][2]: 0
[8][2]->[9][2]: 0
[8][2]->[8][3]: 0
[8][2]->[8][1]: 0

[8][3]->[7][3]: 0
[8][3]->[9][3]: 0
[8][3]->[8][4]: 0
[8][3]->[8][2]: 0

[8][4]->[7][4]: 0
[8][4]->[9][4]: 0
[8][4]->[8][5]: 0
[8][4]->[8][3]: 0

[8][5]->[7][5]: 0
[8][5]->[9][5]: 0
[8][5]->[8][6]: 0
[8][5]->[8][4]: 0

[8][6]->[7][6]: 0
[8][6]->[9][6]: 0
[8][6]->[8][7]: 0
[8][6]->[8][5]: 0

[8][7]->[7][7]: 0
[8][7]->[9][7]: 0
[8][7]->[8][8]: 0
[8][7]->[8][6]: 0

[8][8]->[7][8]: 0
[8][8]->[9][8]: 0
[8][8]->[8][9]: 0
[8][8]->[8][7]: 0

[8][9]->[7][9]: 0
[8][9]->[9][9]: 0
[8][9]->[8][8]: 0

[9][0]->[8][0]: 0
[9][0]->[9][1]: 0

[9][1]->[8][1]: 0
[9][1]->[9][2]: 0
[9][1]->[9][0]: 0

[9][2]->[8][2]: 0
[9][2]->[9][3]: 0
[9][2]->[9][1]: 0

[9][3]->[8][3]: 0
[9][3]->[9][4]: 0
[9][3]->[9][2]: 0

[9][4]->[8][4]: 0
[9][4]->[9][5]: 0
[9][4]->[9][3]: 0

[9][5]->[8][5]: 0
[9][5]->[9][6]: 0
[9][5]->[9][4]: 0

[9][6]->[8][6]: 0
[9][6]->[9][7]: 0
[9][6]->[9][5]: 0

[9][7]->[8][7]: 0
[9][7]->[9][8]: 0
[9][7]->[9][6]: 0

[9][8]->[8][8]: 0
[9][8]->[9][9]: 0
[9][8]->[9][7]: 0

[9][9]->[8][9]: 0
[9][9]->[9][8]: 0

